
BLOCK 1
0,1,2,3,4,5,6,7,8,9
300 * 1
300, 301, ...
300 * 2
600, 601, ...
...
300 * 9
2700, 2701, ...


BLOCK 2
10,11,12,13,14,15,16,17,18,19 (+ 10)
300 * 1
310, 311, ...
300 * 2
610, 611, ...
...
300 * 9
2710, 2711, ...

BLOCK 30
290,291,292,293,294,295,296,297,298,299
300 * 1
590, 591, ...
300 * 2
910, 911, ...
...
300 * 9
2990, 2991, ...


BLOCK 31
0,1,2,3,4,5,6,7,8,9
300 * 10 (+ 10)
3000, 3001, ...
300 * 11
3300, 3301, ...
...
300 * 19
5700, 5701, ...

BLOCK 32
10,11,12,13,14,15,16,17,18,19 
300 * 10 
3010, 3011, ...
300 * 11
3310, 3311, ...
...
300 * 19
5710, 5719, ..